0 0.15384615384615385 0.4723557692307692 0.22115384615384615 0.5336538461538461
0 0.5625 0.6502403846153846 0.10817307692307693 0.27884615384615385
0 0.3870192307692308 0.6502403846153846 0.12139423076923077 0.2608173076923077
0 0.7199519230769231 0.0889423076923077 0.056490384615384616 0.1502403846153846
0 0.6213942307692307 0.09134615384615384 0.051682692307692304 0.1466346153846154
0 0.8870192307692307 0.09134615384615384 0.051682692307692304 0.1466346153846154
0 0.46274038461538464 0.09375 0.056490384615384616 0.1502403846153846
0 0.5540865384615384 0.09375 0.056490384615384616 0.1502403846153846
0 0.05889423076923077 0.09375 0.06490384615384616 0.15985576923076922
0 0.7848557692307693 0.09375 0.056490384615384616 0.1502403846153846
0 0.39302884615384615 0.09375 0.06490384615384616 0.13221153846153846
0 0.9699519230769231 0.9134615384615384 0.055288461538461536 0.16826923076923078
0 0.12860576923076922 0.9110576923076923 0.056490384615384616 0.16947115384615385
0 0.4543269230769231 0.9158653846153846 0.056490384615384616 0.1502403846153846
0 0.5697115384615384 0.9158653846153846 0.051682692307692304 0.1502403846153846
0 0.06129807692307692 0.9158653846153846 0.06129807692307692 0.15985576923076922
0 0.6310096153846154 0.9158653846153846 0.06129807692307692 0.15985576923076922
0 0.8004807692307693 0.9134615384615384 0.06129807692307692 0.16466346153846154
0 0.2980769230769231 0.9134615384615384 0.04807692307692308 0.16466346153846154
0 0.234375 0.9182692307692307 0.051682692307692304 0.1466346153846154
0 0.3894230769230769 0.9182692307692307 0.04807692307692308 0.15504807692307693
0 0.734375 0.9206730769230769 0.051682692307692304 0.1502403846153846
0 0.9038461538461539 0.9182692307692307 0.06129807692307692 0.15504807692307693
0 0.9543269230769231 0.09615384615384616 0.056490384615384616 0.1466346153846154
0 0.22596153846153846 0.09615384615384616 0.06129807692307692 0.15504807692307693
0 0.12620192307692307 0.0985576923076923 0.051682692307692304 0.16947115384615385
0 0.2956730769230769 0.0985576923076923 0.06129807692307692 0.1502403846153846
0 0.5564903846153846 0.31971153846153844 0.11298076923076923 0.2644230769230769
0 0.3870192307692308 0.32211538461538464 0.11298076923076923 0.2608173076923077
0 0.9519230769230769 0.44350961538461536 0.08653846153846154 0.5108173076923077
0 0.8088942307692307 0.44711538461538464 0.1310096153846154 0.484375