0 0.8798076923076923 0.18990384615384615 0.09735576923076923 0.34615384615384615
0 0.7920673076923077 0.19110576923076922 0.07932692307692307 0.3137019230769231
0 0.055288461538461536 0.24639423076923078 0.08653846153846154 0.49158653846153844
0 0.20192307692307693 0.24759615384615385 0.08774038461538461 0.47115384615384615
0 0.13221153846153846 0.24879807692307693 0.06850961538461539 0.484375
0 0.3762019230769231 0.24879807692307693 0.2127403846153846 0.49278846153846156
0 0.9627403846153846 0.25240384615384615 0.07211538461538461 0.4963942307692308
0 0.6334134615384616 0.25721153846153844 0.21153846153846154 0.4807692307692308
0 0.7788461538461539 0.7247596153846154 0.052884615384615384 0.44350961538461536
0 0.9615384615384616 0.7355769230769231 0.051682692307692304 0.4639423076923077
0 0.27524038461538464 0.7403846153846154 0.04326923076923077 0.47596153846153844
0 0.3317307692307692 0.7415865384615384 0.06850961538461539 0.47836538461538464
0 0.4519230769230769 0.7439903846153846 0.0985576923076923 0.47475961538461536
0 0.14543269230769232 0.7475961538461539 0.1971153846153846 0.5024038461538461
0 0.9050480769230769 0.7487980769230769 0.057692307692307696 0.49759615384615385
0 0.8473557692307693 0.7512019230769231 0.06971153846153846 0.49399038461538464
0 0.5649038461538461 0.7560096153846154 0.1045673076923077 0.4699519230769231
0 0.6875 0.7572115384615384 0.10096153846153846 0.4735576923076923